782455	12
1181	727	1025	16485	198399	87121	149291	633
781885	19
1170	675	985	16767	168613	86771	148715	519
792896	21
1155	757	1001	16144	168658	86076	148660	519
805527	20
1259	686	1163	17444	168919	88731	150794	663
799602	23
1269	717	1137	16521	168491	87327	150029	518
805316	32
1195	693	1192	17009	166850	88129	151276	490
784308	20
1272	793	1091	15683	166914	86225	148667	511
790399	22
1127	661	969	15856	166638	86572	148463	525
784884	20
1260	668	1041	15817	166788	119135	150481	531
798178	20
1115	713	1007	16167	166750	86436	149585	511
780117	20
1431	799	1131	16738	166919	87052	149880	574
776081	20
1106	664	986	15890	166793	86478	149000	631
786956	29
1210	730	1000	16509	167099	86572	149277	520
782649	19
1179	686	1083	15835	166711	86602	150818	529
785472	21
1277	704	1028	16164	166663	87647	149430	519
792808	22
967	796	1003	16500	167091	86851	150425	568
783517	17
1173	708	1000	16961	167302	87134	150399	521
785971	19
1282	711	1000	16024	166867	86886	148865	605
796914	21
1369	680	1182	17081	167077	86542	150421	608
789348	21
1527	749	1065	16248	166800	112607	147271	538
