797929	10
635	587	519	12580	34666	25384	18288	315
796606	17
528	640	723	14189	35177	19902	19639	7
781698	19
556	739	689	12694	34787	18686	18859	7
791966	51
54	797	771	12290	34616	18640	19660	7
785230	16
655	583	662	12658	34745	19090	19170	12
776469	19
35	647	664	14721	34431	19849	18548	10
783331	25
34	613	540	14646	34524	20626	18411	8
785236	21
530	1210	628	13644	70502	28818	18490	8
790369	16
50	1092	748	50506	100302	29753	18783	16
781750	17
35	1178	797	48534	72016	29047	19330	7
786312	15
690	1109	821	57301	68761	29440	19352	7
789508	17
34	1776	814	50345	123624	48344	18982	7
788500	16
580	1344	806	21329	80273	29002	19093	7
785959	16
35	1102	712	14106	70915	28632	18578	8
782884	17
514	1659	754	16013	103816	41255	18264	7
781176	19
35	1074	1028	49494	98483	31634	19667	9
800433	27
588	1170	690	41384	94466	29558	18441	9
796907	21
42	1250	760	48618	69093	29292	18755	8
788166	17
507	1842	984	55289	124579	49302	19547	10
781759	18
37	1180	821	44384	80348	29283	18768	8
