790090	19
1187	747	751	13746	110663	50129	74758	473
814425	19
1105	649	923	15394	93681	49909	76601	633
787079	25
1116	812	926	14764	86598	49395	77334	492
788919	21
1380	711	787	13914	112305	49023	75229	688
784496	21
1020	755	775	14815	86245	49329	76883	473
779490	19
1338	634	806	15799	86303	49809	75391	528
776556	23
1645	597	749	14270	86405	49455	75622	596
793912	27
1085	656	768	14774	118782	49813	73951	608
782555	360
1171	644	741	14174	97444	48579	73917	621
792490	23
1243	647	691	13914	85972	48810	74611	639
794205	21
1034	680	778	14608	130542	50153	75041	510
794363	23
1294	644	820	13890	90120	48740	75571	517
787118	23
1383	667	675	13788	85982	48990	73862	696
784641	29
1325	759	717	13888	86298	48345	73205	601
809110	20
1334	806	698	13850	86309	49301	73729	483
795588	21
1184	688	949	15385	125984	50986	76108	517
776446	26
1178	704	675	13397	89479	48613	73513	530
792692	21
1289	658	708	14201	129781	49428	73637	461
775424	338
964	737	751	13872	94890	48522	73716	562
779201	21
1124	754	802	14474	86259	48899	75345	502
