254198	10
523	269	3038	70368	51740	24511	1296	2918	8
263754	14
66	330	3133	77224	50743	27920	1361	2957	7
255588	16
47	346	3509	75692	52832	26624	1366	3511	7
255731	12
35	313	3624	79056	50489	30198	1367	3612	7
286251	14
41	301	3514	85615	49349	32608	1344	3276	6
270340	12
64	554	3907	79437	50386	29386	1424	3334	8
259496	26
35	269	3193	71984	49285	27064	1318	3116	5
271058	13
34	319	3743	81255	50309	30589	1388	3608	5
255928	13
49	267	3799	80276	51216	29321	1434	3610	7
266984	10
34	469	3433	81757	47336	34070	1293	3302	7
259390	30
47	333	3207	79845	43737	33171	1381	2970	6
263910	13
37	282	3578	76351	47946	31613	1315	3278	8
268500	13
31	296	3482	82912	46965	33375	1287	3260	8
269046	16
68	349	3611	81717	51153	27744	1335	3489	7
281898	20
34	511	3463	82409	71930	30215	1294	3301	7
254597	16
34	565	3476	90654	82063	31685	1318	3639	7
277615	19
38	410	3687	120089	95477	35818	1460	3792	9
259667	17
37	626	3551	104742	90087	37068	1473	3670	7
255023	22
38	723	3678	109721	104508	34362	1292	3589	7
265602	16
46	1053	3819	122308	95816	35938	1380	5695	6
