267319	14
569	366	3394	88455	67501	31352	451	3329	7
265328	13
49	375	3357	80235	63558	30467	465	3099	6
258932	10
32	451	2938	74776	63498	27511	427	2779	6
267843	8
51	730	3122	78840	64624	29404	429	3102	6
263882	12
55	364	3681	84379	63610	32472	497	3558	8
267175	11
36	329	3440	77609	66746	28324	467	3350	5
273713	12
45	313	3082	78104	65594	26687	434	2954	5
262366	11
54	311	3471	86939	65976	32320	452	3364	5
253632	26
38	360	3179	81203	62503	31055	410	3027	5
279023	15
36	378	3256	77363	65699	28768	482	3320	8
273257	11
40	294	3445	74443	65835	26381	435	3294	6
257803	13
39	293	3326	84904	59170	35414	424	3158	6
258872	15
51	421	3505	83970	58482	35936	412	3032	7
254887	13
40	283	3429	80549	59404	33599	444	3226	8
266964	19
31	260	3297	78047	68075	27600	467	3392	5
257102	19
35	463	3179	90369	97988	30477	434	5069	6
269586	20
41	656	3484	100017	112009	31289	478	4476	9
262552	16
56	845	3448	119150	122332	31499	580	5387	7
265337	22
86	485	3267	88430	103689	29581	427	5135	7
257640	19
39	426	3444	93603	103319	31939	454	6168	7
