305822	47
443	460	4609	85567	102696	32741	356	4590	6
358168	16
141	375	4721	104881	104309	38107	376	5128	7
337934	47
135	434	3239	81172	94286	29237	287	3321	6
262716	9
36	446	3327	79687	94202	30555	268	3302	6
261105	13
247	353	3435	82078	95229	30670	331	3635	8
255877	12
34	1040	3038	74733	93200	27435	265	3184	6
251951	11
90	416	3805	75972	96583	27073	313	3731	6
253411	10
35	244	3620	87046	98634	28532	296	3665	6
262633	13
51	357	3733	89357	96362	31843	308	3850	8
274733	11
36	261	3535	73244	95238	26212	330	3610	6
265254	11
37	334	3823	78154	98453	28262	327	3921	8
254461	50
40	392	3547	77790	95158	28831	332	3592	6
250319	12
35	313	3509	74705	96815	25886	324	3502	6
259398	19
36	315	4092	84019	103101	32492	306	4349	6
277044	72
38	421	3510	83896	113024	29860	279	3409	6
252976	20
35	321	3373	83326	125416	28750	295	3802	9
254192	30
37	354	3196	80977	120029	28820	278	3211	8
257696	19
31	818	3611	83132	117467	29392	291	3915	7
255691	18
32	433	3634	60381	111520	19557	290	4013	7
265573	17
50	382	3456	79624	104731	28402	285	3531	6
