21709109	9
649	686	14048	305634	534907	147392	36389	14342	284
22251915	12
617	1739	13244	327780	686255	155965	33634	13482	294
21936465	19
565	1699	13487	337087	753175	159753	32696	13272	293
21621230	17
598	1727	12622	320792	753622	151188	32652	12706	293
21535439	16
764	1646	13404	319254	703712	148486	34347	13553	299
21567485	18
929	1736	13006	308578	770076	157784	33481	13320	388
21521017	32
1004	1695	14357	329528	711652	156472	36127	14808	316
21489175	15
567	1731	13970	331445	696817	153922	36166	14599	296
21842318	16
1070	1574	12044	306554	710390	147068	32119	11787	7
21811658	15
34	1671	13126	305203	759650	151397	33983	13176	7
21684202	15
34	1725	13624	345811	717343	154885	33653	13694	7
21761774	13
34	1612	13780	317801	741618	148165	34352	14001	7
21827359	15
39	1630	13049	328269	649849	154220	32640	12721	8
21754846	18
48	1780	19046	285529	822049	139429	40582	20022	11
22480670	20
34	1654	13471	329367	702972	155147	34556	13488	8
22207413	15
35	1693	13417	332846	731235	153952	33272	13497	8
21942952	17
36	1668	14310	341877	658691	152436	33908	14734	6
22275498	17
33	1706	14501	305648	660168	138749	34569	14916	12
21942493	25
34	1621	15855	275016	657324	132615	36629	16566	8
21590881	27
38	1742	14197	318734	668450	147948	32739	14121	7
