21804259	11
716	630	14230	233392	465827	183070	134899	15128	406
22116607	18
494	1825	14361	284521	642697	209326	135642	15870	296
22002418	18
689	1670	13219	222219	657538	194399	130523	13164	6
22090649	16
38	1907	15064	249816	648009	203470	142059	15812	7
22131363	16
31	1880	14678	278794	592793	211036	132314	15951	5
21993899	15
35	1827	15108	271289	620683	194769	132866	15398	7
23142404	15
38	1731	14815	247396	566372	186213	132436	15914	7
22012769	17
31	1763	15498	257893	671097	210512	133225	16575	7
21931256	18
32	1932	14581	277626	576287	201304	131166	14874	6
21950321	18
42	1710	14997	302233	645212	209222	133654	15940	7
21996978	17
612	1795	15755	252729	671052	208746	134186	17036	8
22138527	30
33	1830	16535	243430	606048	195196	139126	18834	7
22260683	14
33	1664	16019	306141	629042	218310	133870	16341	9
21928304	17
65	1782	16393	287818	670758	219124	134420	17210	8
21853854	18
38	2617	15311	302787	605209	211902	131596	15681	10
21644351	17
40	1453	14885	345797	633417	232877	129325	14513	8
21643439	16
40	1708	15277	339228	688515	235625	130816	14922	7
21698098	17
43	1626	14909	312796	709469	239554	128649	14738	8
21702215	21
35	1689	15796	374187	694920	244619	132487	16505	9
21842861	19
40	2080	15492	358648	674184	238105	131035	15490	8
