29539	11
462	528	40	590	3156	540	402	33	162
32742	36
464	423	40	762	1332	609	421	36	5
29724	24
32	406	68	1052	1517	767	494	53	6
30264	22
56	685	207	1505	1470	828	546	117	5
31649	22
630	746	74	1122	1374	678	599	70	52
31219	20
35	409	43	757	1309	660	417	31	6
33996	22
34	525	62	780	1285	527	430	31	5
32611	21
57	535	53	1000	1433	692	413	46	6
31659	21
34	571	63	1146	1369	785	417	40	6
29379	38
68	551	155	1105	1362	750	583	70	6
30109	23
738	592	53	1587	1354	869	626	52	7
30096	23
36	386	68	757	1301	648	594	69	10
30349	32
33	614	65	1458	1448	840	547	82	12
31434	19
34	506	55	911	1723	758	447	46	7
30628	17
36	586	96	3213	1369	900	845	139	12
29311	28
451	448	85	795	1305	649	605	90	9
35092	21
30	636	78	989	1430	752	445	102	6
29667	31
39	558	69	1066	1338	832	516	54	9
29298	22
38	377	80	1378	1377	773	651	74	7
31938	24
41	403	102	1384	1441	754	541	63	8
