30173	11
441	354	36	578	5505	221	13	33	169
31091	19
449	592	43	1275	3175	503	14	30	176
29924	22
508	436	47	1114	3650	357	14	44	406
30060	24
409	514	47	1208	3170	300	20	42	190
30303	16
636	498	40	876	3447	266	16	45	320
30720	19
660	400	51	1111	3845	469	20	55	287
30562	17
472	421	50	689	3211	242	19	40	188
31736	68
408	446	51	983	3346	424	20	44	192
33227	18
569	527	45	815	3178	366	17	52	285
31355	35
448	389	61	1694	3628	381	21	76	208
30418	18
448	373	33	708	3147	282	18	29	247
29023	54
838	450	49	961	3324	210	20	48	170
32031	18
550	500	51	1175	3806	386	13	55	235
30416	22
629	674	116	1331	3533	352	36	65	218
35102	21
668	999	99	1843	4465	656	27	242	331
29534	20
517	613	58	1663	3635	356	19	62	190
29351	22
666	430	63	2048	3444	396	17	66	228
30151	22
674	503	47	1403	3456	388	15	48	213
29735	21
595	670	49	1340	3263	326	20	33	229
30453	19
467	506	41	955	3950	392	14	39	214
