29914	13
549	383	36	661	4301	312	27	29	183
30915	18
587	652	34	649	1827	219	26	27	171
29367	22
425	428	66	667	1807	340	43	65	208
30764	17
604	377	65	1686	1974	660	35	64	345
30468	19
584	337	55	1266	1828	326	43	63	407
32399	17
532	500	52	1188	1914	420	39	65	370
34731	25
434	557	52	947	1916	342	33	48	227
30764	23
410	472	53	1609	1867	349	34	53	218
29371	19
646	445	77	1086	1968	467	94	63	258
29093	17
549	580	67	1825	1979	480	44	71	417
30934	37
728	670	48	1354	1863	317	45	45	267
29854	41
640	546	64	1298	1952	372	41	79	218
29842	20
442	413	81	1101	2160	431	32	71	259
30527	35
711	735	75	1373	1882	282	52	60	177
30259	34
557	702	46	2224	2028	271	26	44	386
29513	21
474	696	37	877	1924	345	28	31	402
31364	22
537	447	39	1199	1832	327	27	34	6
30878	20
71	429	43	921	2214	430	30	44	10
31031	20
36	381	41	713	1820	356	46	27	7
28909	36
30	327	35	674	1839	366	50	34	7
