30268	12
677	387	44	516	3059	247	76	41	169
31902	17
490	441	39	962	1434	380	79	44	202
35603	17
605	471	64	1296	1349	410	69	55	233
28770	24
570	436	66	956	1427	334	81	200	198
30135	21
504	504	34	851	1337	253	53	30	177
36678	18
575	396	47	874	1246	407	51	35	181
30067	20
485	451	36	619	1307	249	51	31	232
31516	16
541	371	47	987	1424	331	77	48	225
30731	20
502	377	42	1361	1388	419	54	31	6
33904	18
40	485	63	1684	1400	438	89	61	7
31872	18
160	823	97	1317	1646	304	99	63	7
34223	23
48	558	64	1519	1451	345	63	59	6
29438	23
105	657	71	975	1724	369	73	87	6
29795	24
99	677	70	1696	1639	320	79	67	7
30097	20
131	465	67	1569	1457	376	94	70	7
29928	18
34	383	70	1201	1364	386	73	66	9
29214	23
37	376	70	801	1343	365	84	66	7
32541	17
37	756	67	1091	1319	277	79	62	6
30015	25
49	625	84	846	1424	340	53	38	7
31069	23
30	361	47	883	1323	490	83	48	6
