24689315	8
613	700	17846	337902	546463	184862	79319	17688	293
25953761	17
581	1943	18902	264927	702726	165069	82937	20665	344
25237935	30
534	1736	18149	304360	777090	157439	77523	18025	330
25979832	14
569	1851	18661	310689	664081	160580	81835	19362	316
24604706	16
510	1854	17900	242393	688265	151467	75427	17561	7
23631157	68
35	1740	15700	246729	621390	141267	72453	15307	8
23477721	19
36	1662	14930	351964	695280	174791	73168	14882	8
23388381	14
32	1730	14453	279862	691721	157810	68710	14349	6
24567697	14
36	1570	17308	286095	611767	161098	78813	17306	8
23243120	24
29	1611	16438	356185	697040	181772	71844	16797	14
22997270	22
39	1728	17067	353110	856284	196100	72018	17087	8
22890002	14
29	1671	16957	339043	687439	180798	76817	17151	11
23714868	19
30	1675	16113	313085	726520	182672	69578	15745	7
23454103	14
31	1755	15952	287875	654952	159440	69139	15954	7
22992817	14
31	1654	18200	331722	824890	178138	74464	17975	6
22616465	14
29	1665	14657	323723	724136	175109	68610	15120	6
21850440	13
28	1630	14710	293212	663801	148186	66868	15035	8
21920149	13
74	1879	14440	279819	678332	149706	66626	14826	7
22121963	14
29	1598	15709	295817	665866	152146	69202	15935	8
21966168	15
29	1593	15111	232048	638075	139285	67822	15110	7
