31861	13
534	366	36	553	3141	382	203	29	166
33683	24
522	413	40	514	1124	407	210	40	232
35324	28
453	605	55	1511	1254	623	226	48	5
33348	27
33	413	41	1182	1339	467	215	33	6
37750	21
32	423	70	1008	1516	549	450	89	5
33536	25
36	416	54	816	1218	497	236	51	5
29562	22
76	445	49	673	1211	404	211	33	5
30712	19
33	424	54	894	1312	506	212	51	5
30296	26
32	523	78	705	1211	412	201	38	4
29815	20
49	672	164	1230	1350	523	260	62	5
29379	17
901	517	75	867	1557	502	561	91	4
35606	21
96	464	92	1010	1173	961	212	98	5
29256	28
37	416	62	1228	1223	502	250	68	6
30524	17
34	876	59	1586	1387	508	215	47	6
30080	24
60	684	71	927	1313	448	207	58	6
33013	19
40	485	185	1207	1589	602	221	72	6
34954	20
38	517	82	1351	1282	530	311	77	9
30942	38
46	416	58	796	1220	545	236	56	6
31607	21
36	401	56	813	1304	536	238	51	6
30008	21
654	438	86	1722	1362	516	368	121	5
