33964	29
486	484	58	682	3103	336	119	41	165
33997	22
475	414	33	710	1272	313	106	29	238
31364	20
464	867	58	1319	1398	418	135	58	246
30693	30
448	426	53	1515	1402	491	118	75	441
34711	19
496	566	42	1020	1271	512	106	35	5
29961	31
32	570	41	704	1264	304	106	28	6
29474	19
38	522	46	789	1319	409	120	41	7
30309	22
51	691	55	1100	1249	473	102	40	6
30984	16
92	345	42	648	1240	324	106	31	5
32935	24
37	475	76	1109	1309	400	161	82	9
35789	18
36	719	65	1539	1332	547	118	54	5
29684	18
36	522	72	1686	1313	473	119	58	6
29602	40
52	707	56	668	1298	333	107	35	6
30723	20
33	624	40	631	1248	316	108	31	5
29205	21
35	402	96	1367	1427	387	138	56	9
29836	20
36	383	66	1196	1312	419	129	62	6
31694	33
36	373	79	700	1304	539	164	107	8
30168	21
39	403	62	1208	1330	380	108	51	7
30084	17
37	559	71	1075	1731	589	115	88	5
29247	33
49	485	95	1072	1334	404	235	72	10
