243824	13
1596	1061	92	1334	9866	839	447	80	650
238195	36
2059	1194	116	2365	7830	1053	551	141	798
252400	21
2110	1838	101	2439	7829	1213	450	108	748
241541	28
1203	1243	136	3487	8508	1274	559	185	867
240599	22
2437	2618	147	2533	8698	1463	679	153	501
263278	59
1288	1448	130	2268	8125	1180	462	114	532
252497	24
1150	1334	138	1769	8886	1030	647	152	667
236050	28
1310	1021	109	1842	8492	1187	474	101	590
245868	35
1361	1758	127	3944	41739	1501	465	171	753
239137	25
1715	1716	124	5139	52698	1276	456	175	750
242715	27
1367	1541	126	2309	71073	1379	440	155	889
239616	23
2172	1624	170	11946	83023	1762	580	205	665
235108	26
1372	1545	113	2519	100600	1464	471	182	671
231286	122
1775	3003	107	4303	93639	1652	424	131	937
243102	95
1710	2675	110	6483	70291	1959	495	158	1037
244801	53
1555	3546	120	7447	88685	2183	434	148	685
246240	38
1498	2945	191	7372	110175	2324	494	187	935
238245	22
1715	1610	139	7302	35588	1710	528	194	756
236871	22
1449	2312	272	6838	46505	1663	501	164	661
246542	22
2086	2497	102	8953	99858	1976	456	137	1426
