269219	14
1899	1847	145	2707	10964	1756	958	133	890
252455	26
1500	1416	116	2319	8693	1467	973	120	1232
240168	464
1225	1406	102	1610	8659	1220	895	93	572
261619	19
1400	1747	118	2427	8460	1438	967	133	1075
237703	23
2319	1843	104	1792	8376	1180	871	93	848
237729	20
2223	1487	113	1606	8678	1208	1059	125	1040
236139	21
1668	1134	89	1976	7718	1165	919	75	964
249742	24
1896	1795	138	1969	7891	1487	844	85	689
242048	18
1235	1710	122	4469	46738	1969	915	140	689
238529	23
1014	2152	133	8993	62948	2178	887	236	784
232975	31
1119	1679	155	8502	90183	3012	909	178	666
235944	23
1173	2895	133	19459	100117	10510	958	186	975
242558	27
1135	3441	169	18842	57673	3662	925	198	638
241169	42
972	3523	142	17046	86709	3314	942	163	739
247964	53
1093	1663	120	6651	43397	2314	840	147	651
246668	23
1179	1925	154	9864	37245	1956	1030	157	860
250171	26
1220	3716	153	11993	118950	3238	969	206	705
237375	19
1562	1800	410	9920	34232	2198	987	148	1091
238065	26
2080	1793	144	6132	51149	1960	902	157	889
252683	34
1916	2483	137	7301	84950	3169	937	201	749
