240702	14
1030	1256	85	1678	14128	670	246	92	423
247300	18
1031	1252	91	1558	12522	769	234	111	301
258969	22
733	1340	82	1794	12026	788	283	74	230
256085	23
964	1271	100	1843	12164	730	274	107	7
258498	24
646	1428	100	1870	11536	1030	256	90	11
267954	25
82	1592	102	2153	12412	889	247	109	8
240342	26
39	1520	121	2084	13462	946	260	127	7
255782	24
91	1576	95	1855	12198	852	250	89	7
248041	27
53	2833	145	4033	59568	1319	268	153	10
245743	21
67	1810	134	2699	76060	1384	251	190	8
243789	23
37	1661	144	4984	79520	1257	257	184	8
239576	24
107	2074	197	13482	202632	1599	291	270	11
250756	596
120	1321	102	1880	11764	957	259	138	10
243200	23
44	1329	120	1666	12026	814	262	132	7
244504	20
42	1793	142	4524	61552	1505	284	165	9
250003	37
76	2251	207	6300	78872	1590	270	260	8
244276	22
42	1652	140	3916	80296	1292	267	188	8
239246	25
60	2163	261	6548	82981	1287	245	192	9
250972	25
35	2740	119	6030	93624	1530	240	148	8
237945	22
464	2081	130	4305	49057	1128	228	143	8
