4150	11
496	470	276784	5835598	12543195	2329064	169778	263793	242
4176	21
445	454	261632	5542452	12520224	2309275	167768	250342	284
3976	22
373	603	280538	6047713	12755822	2405916	173620	276019	243
4692	18
12331375	12
494	402	13491	251997	1205152	112196	8093	12758	224
12610651	20
701	664	13739	285166	1451005	123177	7924	13576	211
12510650	26
1455	1129	11772	255833	1465917	107374	7409	10967	209
12410588	31
484	1853	13816	263241	1463059	108008	8169	12815	201
12347078	20
457	876	13215	254261	1483001	108790	8196	11962	201
