269219	14
1899	1847	145	2707	10964	1756	958	133	890
252455	26
1500	1416	116	2319	8693	1467	973	120	1232
240168	464
1225	1406	102	1610	8659	1220	895	93	572
261619	19
1400	1747	118	2427	8460	1438	967	133	1075
237703	23
2319	1843	104	1792	8376	1180	871	93	848
237729	20
2223	1487	113	1606	8678	1208	1059	125	1040
236139	21
1668	1134	89	1976	7718	1165	919	75	964
249742	24
1896	1795	138	1969	7891	1487	844	85	689
242048	18
1235	1710	122	4469	46738	1969	915	140	689
238529	23
1014	2152	133	8993	62948	2178	887	236	784
232975	31
1119	1679	155	8502	90183	3012	909	178	666
235944	23
1173	2895	133	19459	100117	10510	958	186	975
242558	27
1135	3441	169	18842	57673	3662	925	198	638
241169	42
972	3523	142	17046	86709	3314	942	163	739
247964	53
1093	1663	120	6651	43397	2314	840	147	651
246668	23
1179	1925	154	9864	37245	1956	1030	157	860
250171	26
1220	3716	153	11993	118950	3238	969	206	705
237375	19
1562	1800	410	9920	34232	2198	987	148	1091
238065	26
2080	1793	144	6132	51149	1960	902	157	889
252683	34
1916	2483	137	7301	84950	3169	937	201	749
12154783	15
449	383	10909	250019	466317	136772	53387	10557	209
0	10
529	12	10	140	2659	95	0	0	204
1	22
653	7	14	368	310	157	0	0	279
1	22
580	6	10	394	212	106	0	0	296
0	20
632	6	15	279	199	87	0	0	224
1	16
448	7	15	760	208	96	0	0	10
1	30
38	6	14	328	220	103	0	0	19
0	20
37	5	13	246	211	97	0	0	21
1	19
38	4	15	246	213	124	0	0	22
1	22
39	4	12	255	209	97	0	0	13
1	27
50	8	18	287	212	128	0	0	19
2	32
50	8	17	317	226	135	0	0	23
1	36
50	6	18	370	237	134	0	0	32
1	55
79	8	16	506	290	127	0	0	41
1	18
41	5	11	234	215	90	0	0	17
1	22
52	8	21	298	226	108	0	0	26
1	29
53	7	18	382	225	112	0	0	29
1	35
48	6	19	270	228	108	0	0	22
1	26
62	8	28	657	228	108	0	0	20
1	22
47	5	18	291	204	91	0	0	40
0	20
43	5	14	228	212	89	0	0	9
11176129	11
505	631	11345	263279	467933	138576	54483	11850	238
11566415	18
540	447	13787	303179	513976	158898	59585	13363	213
11307265	14
533	1327	11037	262864	580290	138958	54514	10107	237
11412227	17
402	1065	11257	268819	711523	135967	54545	11397	270
11156773	19
454	1809	10795	254297	555726	132972	53194	10186	5
11423649	24
29	919	12477	270577	713763	133096	57195	12178	7
11497738	27
95	1326	12400	281259	664578	147939	59834	11843	7
11334260	24
51	1078	14180	336511	665837	145505	60925	13537	6
11521273	15
47	1387	12536	267607	670155	144461	53418	11354	5
11581966	22
36	1154	13884	352880	654874	146112	59812	13700	6
11977154	16
48	920	12491	289507	726991	144625	55531	12107	5
11503473	20
39	929	12789	277803	706053	142105	54931	13540	8
11661193	18
35	696	12985	289375	581787	140117	62445	13384	6
11668681	21
40	1273	12691	264678	700099	135100	59933	12513	5
11486307	19
32	941	11468	237694	748504	122559	57246	11608	5
11595922	19
33	1165	11811	260224	588077	132057	53777	11354	5
11619588	22
31	1393	13490	272665	693996	139960	60899	12468	8
11312479	26
64	774	12336	249553	477938	126031	55231	12148	5
11486787	18
39	1323	11481	253841	634784	126760	55009	11606	6
11294751	27
35	1027	11828	271877	664498	135456	60301	11360	5
11225235	11
513	372	11343	239591	487882	132271	55675	12013	260
11256064	10
0	0
1	8	241	288	30	0	0	0	2
1	1
1	1	41	295	38	0	0	0	2
1	0
1	0	40	327	43	0	0	0	1
1	1
1	0	52	347	44	0	0	0	1
1	0
1	1	37	273	35	0	0	0	1
1	1
0	1	39	257	44	0	0	0	1
1	0
1	0	46	482	48	0	0	0	1
1	3
0	1	46	367	35	0	0	0	1
2	3
1	0	44	358	28	0	0	0	1
1	1
1	1	59	365	29	0	0	0	1
2	2
0	1	46	363	52	0	0	0	0
1	1
1	1	48	311	37	0	0	0	0
1	0
1	0	56	314	43	0	0	0	1
2	1
1	1	65	391	38	0	0	0	1
1	1
1	1	47	301	48	0	0	0	0
1	1
1	1	46	269	32	0	0	0	1
1	1
1	1	47	776	41	0	0	0	1
1	0
0	0	32	226	36	0	0	0	0
0	5
0	0	29	233	40	0	0	0	1
1	0
0	1	41	295	32	0	0	0	0
1	0
1	8	257	333	26	0	0	0	1
14	1
1	1	39	349	41	0	0	0	1
1	0
1	0	39	282	45	0	0	0	1
1	0
0	1	32	262	52	0	0	0	0
1	1
1	0	40	294	46	0	0	0	0
1	1
0	1	40	297	52	0	0	0	2
1	0
0	0	34	255	45	0	0	0	0
2	1
1	0	35	275	32	0	0	0	0
2	2
1	1	43	349	30	0	0	0	1
1	1
2	1	46	406	49	0	0	0	1
2	11
1	0	43	380	31	0	0	0	1
1	1
1	0	39	338	52	0	0	0	0
1	1
1	0	43	326	50	0	0	0	0
1	1
2	0	61	348	43	0	0	0	2
1	0
1	1	49	361	39	0	0	0	1
1	0
0	0	37	346	44	0	0	0	0
1	0
1	0	42	239	53	0	0	0	0
1	1
2	1	44	319	34	0	0	0	0
1	1
0	0	32	288	51	0	0	0	0
1	0
0	0	39	239	52	0	0	0	1
