8005403	10
626234	650	751	4623	106177	460945	46288	3169
650	751	4623	106177	460945	46288	3169
8047165	11
799162	665	1850	4177	110555	630680	45978	3074
665	1850	4177	110555	630680	45978	3074
7956560	16
905321	584	1919	4534	119188	724758	48685	3127
584	1919	4534	119188	724758	48685	3127
8234189	24
897747	516	1975	5752	129913	698274	53412	3414
516	1975	5752	129913	698274	53412	3414
8503196	16
806684	540	2028	5696	128366	607927	53907	3643
540	2028	5696	128366	607927	53907	3643
8453879	16
811889	556	1733	5706	118768	623556	53407	3511
556	1733	5706	118768	623556	53407	3511
8401974	16
872589	577	2027	5973	128191	673416	54527	3648
577	2027	5973	128191	673416	54527	3648
8440922	18
838573	443	1961	5855	129806	638383	54148	3418
443	1961	5855	129806	638383	54148	3418
8542807	17
912212	596	1876	5740	129092	713491	53501	3426
596	1876	5740	129092	713491	53501	3426
8442914	16
876757	606	2046	5858	131196	675641	53642	3448
606	2046	5858	131196	675641	53642	3448
