225815	1
331	352	178513	2949560	1833203	953925	4685	178711	6
224798	1
45	776	170195	3244760	2867536	1061737	4422	171551	5
222494	0
29	813	172826	3057142	2954028	978769	4558	179417	6
220740	0
28	967	171919	3605523	3146405	1288266	2589	183167	6
226472	0
31	720	170803	3142936	3002027	1030908	4513	178348	6
222206	0
44	777	168136	3126897	2994328	1008051	4402	172753	8
222643	1
45	738	178328	4156814	3637220	1466696	4745	195668	7
230167	0
38	736	179006	3256131	3109155	1066722	4854	185312	8
257630	0
30	731	213315	3632436	3326638	1244061	5525	234015	7
243501	0
33	663	184167	3578953	3311208	1256272	4965	201296	10
232696	0
32	742	181657	3369625	3177309	1147223	4861	196557	7
260699	0
34	754	172051	3278993	3168110	1098031	4566	184182	6
221876	0
40	760	169551	3184492	3118627	1042718	4604	176079	7
226831	0
44	798	175729	3277925	3078170	1088114	5005	184703	8
229311	0
32	624	177289	3384264	3086744	1173821	4695	186218	8
229362	0
61	929	177796	3310797	3135384	1093265	4706	181905	8
227867	0
36	636	170776	3183335	3086647	1053615	4458	175074	8
228724	0
33	753	172513	3361079	3080564	1156381	4989	182192	7
232681	0
36	660	180576	3267912	3070690	1085759	4725	190224	8
236657	0
34	647	180948	3415064	3162522	1165691	4791	189488	7
