86567	6
335	357	653	18986	13693	7017	291	669	6
87348	5
31	440	723	19280	13885	7628	323	798	7
89419	8
31	348	653	19362	13641	7648	298	687	6
90848	9
30	223	663	11743	10527	3896	300	672	7
87753	8
30	290	609	19227	13778	7424	290	639	8
89913	6
56	468	771	24962	12455	11764	299	1085	9
89980	11
32	368	840	24938	12519	11620	436	1133	12
91909	10
32	309	910	19683	11789	8776	327	1026	8
90013	7
30	225	1287	14847	12176	5450	428	1287	12
92082	7
31	220	781	12211	11138	4512	321	810	7
88337	7
32	204	709	12241	10711	4270	313	780	10
88427	11
33	213	677	11651	10748	3891	317	657	7
90387	9
33	370	699	18940	13693	7224	298	730	11
89985	17
36	355	723	18605	13556	6959	297	752	11
90114	10
33	409	736	18714	13778	7358	303	803	8
86940	11
33	748	647	19126	13789	7223	292	672	8
88714	17
33	318	652	18747	13848	7317	293	703	8
89860	12
46	349	660	19000	13601	7636	289	718	10
89924	15
35	403	659	18553	13813	7191	298	697	8
88367	13
33	391	1030	20933	13732	7600	379	1148	9
