805608	47
794813	12
960	1158	1285	18377	358404	165993	291571	527
786773	17
1200	883	1433	18008	331564	166448	295841	625
782970	25
1205	1156	1431	17251	331826	168486	292881	523
777801	20
1200	1007	1297	17216	331742	166185	295241	507
773293	21
1261	920	1829	19252	331892	169167	300834	581
785943	21
1295	899	1278	17221	331795	166745	293075	515
783493	20
1244	886	1318	17715	331825	166001	294609	556
789238	27
1306	944	2420	24422	330100	175128	320885	796
841379	32
1066	879	2266	20466	329656	174027	309131	571
842765	19
1172	896	2066	20867	328728	173035	315757	591
786781	22
1468	980	1421	17969	328094	167930	296479	575
790405	25
1201	1009	1980	20422	329417	172929	304191	809
797216	21
1091	870	2601	21498	330109	175886	321662	613
783131	29
1551	831	1238	17508	328720	166757	294159	565
779952	20
1547	1028	1403	18028	328390	166502	295493	611
783724	24
1377	987	1391	17802	328261	166574	296587	571
789011	22
1304	878	1429	17726	328481	167087	294326	579
783840	21
1502	925	1549	18805	328702	167559	298709	533
795734	20
1301	957	1551	18414	328251	171241	300194	565
775277	20
1388	850	1565	19059	328639	169150	302461	592
