779681	10
767	585	643	11760	55540	5204	331	286
789766	12
674	648	540	11754	55426	5158	309	278
792389	16
460	647	563	11612	55735	5113	322	308
792556	18
491	640	541	11593	55647	5276	318	311
770503	16
569	619	535	11273	55516	5195	313	330
784847	19
562	684	549	11581	55528	4919	316	277
781045	16
662	707	703	14281	55947	6273	310	264
785845	14
632	635	591	13315	87363	6334	331	323
779523	34
617	1354	597	14062	128687	6538	318	351
781115	15
574	1124	627	15230	176783	7836	314	455
777586	19
533	1280	665	14735	118002	6867	330	313
784474	18
541	1085	550	17343	82412	6712	305	428
779758	23
653	1076	606	13372	79592	5873	315	336
775341	17
496	1062	638	14488	98343	6824	316	338
778235	18
493	1145	616	14848	171807	6985	324	389
775856	32
515	1200	585	13699	129960	6428	314	344
773387	17
509	1109	521	13397	92489	5703	307	309
784172	20
526	954	528	12883	87183	5763	312	421
783772	18
597	1034	616	14199	111566	6405	312	350
775776	18
490	1714	653	15194	191058	7457	308	375
749675	11
566	592	463	11425	55599	4651	305	280
