784815	16
727	568	560	12279	23639	12058	9253	309
789161	16
561	611	669	12255	23477	11714	10062	5
776417	18
37	740	622	14181	23399	12823	9623	6
789337	31
31	780	567	12676	23512	11940	9345	8
801430	19
518	793	764	14499	23897	13027	9987	10
797002	28
33	679	691	12273	23535	11977	9808	7
810126	20
33	664	684	13261	24090	12339	9871	7
798829	16
65	1402	689	16003	69295	18833	9878	9
787548	19
34	1642	643	14847	97336	27190	9259	8
790985	19
36	1520	700	45851	87756	27237	9563	8
812446	16
477	1837	753	40429	133985	27324	9308	9
790562	18
34	671	549	12641	23836	11852	9343	8
806437	19
35	968	617	14759	60167	17308	9462	9
791561	20
37	1670	668	42886	86436	26595	9318	9
786508	16
36	1079	683	32005	60584	17385	9674	9
782102	18
688	1175	585	31576	60098	17244	9164	11
784303	18
36	1181	637	29077	59384	16876	9480	10
777806	17
36	1082	744	43418	86119	25850	9522	9
785987	15
36	1156	684	33492	65607	17002	9400	9
798226	16
49	1071	725	30482	60644	16763	9871	10
