783852	10
759	614	549	11502	33838	5140	604	295
783560	15
705	630	499	11268	33691	5087	604	276
779701	17
513	614	590	13468	34218	6020	619	285
792150	14
598	769	785	14386	34030	6444	898	403
797442	18
597	726	581	11520	33691	5254	623	288
803174	16
488	608	592	12146	33890	5576	632	469
783539	14
567	607	564	12631	33667	5598	600	282
806801	29
422	1041	654	15775	82619	7469	634	344
791142	19
576	1008	628	16115	80367	6258	650	370
785501	18
520	1185	548	16362	78307	6221	606	362
786873	21
517	1133	567	27462	112683	8248	591	373
787888	21
495	1154	529	17864	83523	6349	600	355
789030	18
617	1130	544	17375	78329	6532	606	350
781017	17
676	1111	706	26541	104792	7656	694	367
780236	18
519	1263	636	18155	98125	6511	642	358
786196	21
582	1192	498	17130	92264	6239	619	333
791942	19
718	1117	655	25153	123085	8199	629	7
788836	18
33	1102	520	17224	101233	6489	593	9
781650	36
34	1064	567	17604	80196	6243	612	9
787940	16
44	1091	716	20548	78240	6179	685	9
