12326252	23
526	421	13144	256628	1203338	111298	7893	11958	294
12248755	21
472	1260	12368	260482	1439193	108991	7743	14645	334
12261437	18
759	2084	12351	261929	1410917	106763	8001	11863	382
12289534	48
428	1717	11767	253664	1375875	104697	7853	11258	262
12181410	23
655	1364	12635	269785	1453375	112407	7847	11967	215
13000602	21
471	1202	12511	276224	1436063	107681	7846	11839	216
12339123	20
724	1278	12033	263554	1345045	110333	7465	11346	215
12241208	20
572	1321	11755	259346	1382566	102039	7977	11162	200
12207768	18
675	1213	12607	263362	1447217	111134	7965	12571	378
12263290	27
451	2075	11877	255697	1392968	103585	7905	11278	299
12211906	24
639	1640	11894	245754	1431062	99427	7814	11257	216
12274517	21
2747	1049	12328	239736	1416127	97631	7422	11307	201
12225349	32
585	1069	12092	259561	1450537	106206	7964	11622	210
12285546	19
607	1994	12485	286688	1361253	111658	8008	11934	224
12354868	20
559	1443	12228	261220	1443718	106444	7708	11444	231
12285648	22
1494	1055	13337	258317	1391428	109807	8155	12550	398
12290556	28
448	1128	12024	256708	1356385	103556	7594	11073	232
12171588	24
680	1783	12926	275415	1454875	113362	7732	11916	234
12818153	24
840	2104	12090	262773	1428370	107075	7875	11256	293
12394894	20
1382	1722	13029	277502	1439168	106239	7926	12410	242
