13209645	23
586	363	11809	282676	510613	122423	29171	11414	187
12796567	28
457	1208	11855	325090	669849	128202	30113	12539	202
12904318	27
586	1509	11772	281825	645832	111818	30661	11558	241
12826738	27
440	1798	12240	297088	623922	127294	29982	11736	206
12752963	28
664	1382	12243	286989	624330	120815	29144	12487	201
12845617	20
773	2071	11995	288678	685393	121800	30463	12285	214
12892880	20
470	3491	12576	311497	719859	125799	30677	12519	217
12916929	39
1729	1232	12384	314098	624421	119470	29508	12401	213
12869652	25
837	1616	11909	283710	709551	113982	30647	12185	6
13090638	20
37	980	12355	295467	717630	119115	31199	12422	6
13068918	24
33	927	13334	275634	708887	126754	31027	12899	7
13427412	20
34	652	13475	349504	704434	130132	33305	13845	7
13143613	23
38	846	12407	287641	633892	117880	31137	12593	7
12853912	24
39	1118	12676	301235	691484	124945	31836	12982	8
12812879	31
33	1136	12673	283906	655404	115742	31775	11971	7
12854042	23
37	1213	12867	283260	751874	117730	31500	12499	7
12803362	25
98	1241	12699	290250	737249	123800	31308	12614	5
13491364	20
57	1288	13846	290859	789058	121022	32264	14206	6
12848686	55
50	818	13247	310071	638484	126239	29287	13886	6
13048260	21
40	1076	13410	272129	818820	122425	28842	13040	6
