22181291	9
744	844	16687	220062	506324	286195	281076	17562	337
22149770	21
595	1727	15729	379060	874456	384947	273147	16982	6
22085771	26
35	1686	16788	310702	654993	331209	270866	18042	6
24634718	24
30	1805	19273	394370	760388	368322	301776	22348	8
22106770	19
532	1978	16628	357076	698449	345598	273060	17944	8
21995203	20
31	1667	15105	337578	682955	335237	259878	14990	7
21908056	18
66	1907	31352	366288	948242	417027	371306	27020	8
22373274	17
37	1714	14333	244923	681501	304771	261668	14890	9
22066953	16
32	1707	14457	347619	696157	334918	262784	14514	8
22096762	17
60	1933	14466	256353	626215	299523	260215	15190	8
21967695	17
1077	1973	14842	320805	726221	338903	264419	15128	8
22130963	17
41	1758	14978	310914	840592	362890	263521	15676	9
21957593	15
34	1721	14939	266161	665258	301656	264224	15598	9
22017609	18
37	1682	15572	279179	691976	318356	262639	16331	8
21843884	17
34	1810	15178	275390	821438	364927	264368	15710	9
21892042	14
871	1970	15274	358203	698212	361477	264878	15595	9
21888509	18
34	1625	16810	335964	722846	362575	263489	19213	9
21903720	25
35	1516	16873	321093	653677	341921	265753	19176	9
22098679	21
34	1625	14998	305442	655905	326865	261201	15922	9
21986128	17
36	1719	16309	341228	888074	392131	264081	18198	9
