147696	3
310	372	11125	208087	133157	74186	1006	12065	6
136619	3
30	170	10602	221274	135279	81806	983	11667	6
139164	6
32	168	10311	179566	127278	58874	771	11154	6
137869	4
30	327	10045	210051	130681	78251	935	10989	6
137907	4
31	198	9624	200919	138055	68098	997	9723	6
135685	5
31	211	12154	185876	129300	59338	857	12919	7
136682	9
30	178	9556	201559	136419	67131	858	10053	11
136830	4
46	289	11377	321798	166361	127619	828	12719	10
134308	4
31	264	10438	312428	168411	122369	750	11359	6
134454	8
29	354	10137	297952	173502	111428	849	10529	8
136497	4
32	290	10304	246459	213236	85734	765	10882	8
141704	4
34	655	11259	187534	191151	61337	772	11699	9
135510	5
32	697	10046	235594	209395	81500	842	10529	11
135731	8
31	590	10538	187352	189594	60739	1008	11020	8
140474	7
32	614	11831	202614	192712	68526	805	12453	7
142947	5
32	633	10352	184930	200754	60703	930	10717	8
145289	5
71	709	11847	227371	200183	83549	977	13063	8
135720	10
33	627	10544	188194	196245	61244	756	11104	15
143348	8
53	706	10707	186807	192887	61896	971	11381	9
135506	5
33	632	10263	184556	192157	60856	890	10744	15
