248485	13
327	439	289	6037	12516	2907	1025	269	6
267974	14
36	440	328	7546	10719	3470	1492	320	7
248565	24
30	304	385	7737	10903	3374	1185	474	7
245865	22
142	453	295	6861	10494	3118	1068	291	7
238102	27
36	1212	335	8438	11033	3690	1057	354	6
244750	17
40	441	351	8858	10694	3745	1202	385	7
245375	20
51	542	389	8104	10785	3771	1214	402	9
246018	17
520	680	363	8060	10167	4280	1113	348	8
241168	17
38	336	367	7207	10902	3373	1137	393	7
251423	21
32	630	403	9695	10094	4429	1189	382	9
249655	35
131	543	308	6991	10803	3109	1066	311	8
245020	20
56	504	368	8914	10461	3870	989	408	8
239131	28
37	420	349	3641	9392	1929	1294	390	8
242845	19
107	428	331	7442	10879	3427	1001	309	8
249108	21
37	309	301	7539	10873	3215	986	287	12
251367	18
65	682	380	7598	10724	3347	1155	351	12
250277	22
36	644	357	13646	31768	4325	1041	426	9
240275	20
58	711	359	10901	36743	4857	1061	394	9
244285	20
39	739	351	16324	43472	4406	1057	366	9
237057	22
34	626	415	14311	54623	4972	1090	414	8
