252293	12
1044	1342	86	1514	23703	679	107	84	730
257543	20
990	1313	78	1435	22587	682	113	74	691
280707	20
1160	1433	140	2326	22919	1090	146	122	571
258518	617
791	1740	112	1874	23776	861	118	121	365
245621	30
987	1233	276	1979	23517	987	183	163	272
255674	26
470	1126	141	1198	22423	706	145	149	427
248384	20
503	1349	142	1918	23020	743	110	87	7
237459	22
57	1966	145	1934	22807	711	111	98	6
248523	24
436	2227	143	2617	82034	1265	118	143	8
264407	493
104	1833	162	2516	124488	1238	157	240	9
240113	20
34	2194	182	4775	71114	1390	184	215	8
252692	22
40	2231	158	2349	65263	1007	129	159	8
241180	24
41	1937	274	2486	95291	1302	132	251	7
252293	90
55	1694	166	5077	84386	1546	180	197	8
237064	38
50	1996	169	2533	77729	1121	123	165	9
234876	41
112	2369	170	3693	77303	1236	145	239	11
235974	22
40	2035	171	3990	76663	1268	119	185	8
244391	34
133	2252	139	4173	67685	1109	117	179	8
235585	23
58	1901	158	4514	72418	1115	141	193	9
233936	45
40	1900	160	5079	91310	1112	130	170	9
