780307	11
644	579	617	12558	23737	5809	1779	288
790430	14
433	857	501	12267	23603	5920	1168	290
802328	31
476	702	614	11949	23913	5912	1242	426
801096	20
628	710	568	12536	23431	6101	1266	293
788312	18
420	682	531	11084	23636	5536	1211	292
792296	16
612	593	490	11215	23507	5451	1167	281
798263	16
678	926	621	12464	23628	5692	1422	305
787723	18
545	1212	586	14491	61618	7212	1209	349
795960	16
643	1775	613	32236	88162	9929	1154	6
785020	15
41	1650	570	27606	121922	8859	1166	8
793552	18
33	1689	762	37934	116906	9303	1355	11
784797	21
36	1668	803	28314	77998	8482	1442	10
780733	22
33	1661	567	23708	71250	8137	1234	8
778989	20
32	1646	735	31809	103206	9008	1361	8
795009	18
33	1661	652	28041	80231	9703	1207	8
780355	17
34	1667	650	25029	72708	8228	1280	8
782999	17
35	1677	764	31978	72589	8944	1479	11
793526	19
34	1627	668	33193	104550	9183	1171	10
784028	16
34	1475	625	28126	91627	9015	1179	7
786789	18
45	1460	826	32005	75147	9040	1480	12
