99996	13
366	618	83	1918	2768	936	250	90	7
98662	7
41	584	133	2289	2835	1132	491	132	10
97060	34
33	533	84	1932	2807	1023	254	85	9
82927	14
32	567	97	2244	2809	1196	229	102	8
84607	15
34	557	98	1847	2740	982	249	122	8
85066	22
33	510	76	1796	2823	980	231	81	7
85957	12
34	520	101	1733	2628	995	251	109	13
83431	22
510	503	86	2262	2775	991	234	90	10
86264	14
35	507	89	2058	2670	968	233	97	9
84877	14
40	553	92	2001	2729	1047	267	108	10
84754	13
50	530	75	1912	2751	920	235	75	9
82207	14
34	520	75	1766	2708	872	227	74	8
83482	12
36	611	100	2601	2797	1341	234	108	12
83318	14
42	537	80	1793	2711	894	230	77	9
84302	22
40	588	87	2235	2796	987	235	90	11
83934	12
33	587	90	1981	2736	896	234	85	10
84084	13
36	564	85	1960	2724	951	237	102	21
84532	30
37	546	89	1799	2842	932	239	95	12
81602	15
37	558	79	1752	2682	893	229	83	10
85062	21
37	606	148	2486	2764	1045	258	154	11
