19595434	15
649	513	21257	454523	838217	240280	97128	20804	230
19143570	11
452	1841	20139	495956	1009590	238084	96858	19901	300
19848751	10
1413	1063	22583	559774	1077508	255389	101008	23166	287
19372248	16
520	1462	19091	470232	1031513	251246	95302	17836	205
19051708	401
539	1395	21378	462205	1062994	241003	96640	20773	18
19520930	28
40	1046	20953	430880	1000386	231671	94665	19985	7
19881644	13
78	1241	20338	453728	1057031	241526	95974	19368	7
19580608	15
310	1213	21298	501146	1024116	244690	98122	21251	7
19411783	13
36	771	20327	435360	1099252	237238	97876	18916	6
19318218	22
38	734	21542	455557	829903	240306	95476	19776	6
20277403	14
47	987	25088	528882	1105238	256498	102092	24237	7
19879100	718
39	1310	23577	486531	1176734	238952	99549	22179	8
19863048	49
37	1378	21786	450019	976782	235453	98904	21176	6
19756861	52
36	1287	20992	452571	1093785	243259	95554	20718	7
19316227	50
29	784	21914	462803	975195	242542	95125	21046	6
19704822	13
56	835	22820	461642	1060471	238755	98130	22892	7
19559994	17
47	484	22460	497929	839744	243853	96808	22020	7
19411443	11
38	1351	19990	430384	992450	231212	97199	18965	7
19664567	13
163	929	26015	480352	1125796	260931	106903	25198	8
19063123	36
38	1230	19623	435879	1112560	232806	94737	18894	7
