96964	14
1472	1477	29	646	2133	425	182	23	775
96619	12
1466	1490	28	703	2135	552	182	27	921
98550	430
1595	1492	34	811	2157	445	189	27	841
98233	12
2207	1506	30	697	2152	489	190	26	863
94442	22
1500	1458	38	689	2139	506	250	41	800
97275	20
1442	1588	35	827	2186	597	249	46	853
97384	23
2815	1486	40	705	2134	487	184	25	906
94943	13
1995	1453	28	684	2144	459	182	25	825
96798	13
1634	1494	30	706	2149	477	183	28	745
99567	14
1595	1514	29	749	2187	527	187	27	932
97745	18
1689	1584	37	704	2156	462	186	35	878
98282	18
1830	1462	32	648	2120	548	185	29	944
96741	17
1710	1524	34	660	2140	455	185	27	725
97661	14
2217	1507	30	683	2116	464	186	30	830
95076	14
1648	1486	35	705	2140	477	182	28	801
97143	13
1652	4221	43	1776	9167	948	186	36	981
97662	13
2307	4280	42	2131	10653	920	186	31	1003
95481	13
2034	4220	46	2343	12759	954	204	41	1003
96527	26
2763	4385	45	2864	13597	1002	192	38	947
97132	15
6180	4573	44	2456	13640	975	189	36	1044
