775984	14
650	640	561	11194	23683	11396	9963	309
774626	14
679	788	445	10634	22665	11131	9157	287
781285	27
760	611	496	13517	22556	12870	9286	6
788927	15
29	834	540	12409	22574	12384	9247	6
767199	18
869	745	552	10550	22711	11376	9047	5
797516	19
34	791	503	10564	22722	11155	9116	7
771416	18
39	777	533	10601	22765	11270	9205	6
781319	15
38	1119	628	12360	59074	16330	10345	8
773706	18
701	1850	580	39265	86021	25738	9434	7
778459	16
31	1163	586	27886	60654	16086	9277	8
793457	16
39	1274	637	29530	59616	16757	10100	8
789338	18
53	1878	598	34746	87332	26050	9110	7
776218	17
33	1822	593	36714	71201	25876	9104	7
759207	18
703	1962	620	37017	113540	26116	8935	7
796270	14
35	1855	853	44791	115035	28170	10068	10
804066	16
46	1770	599	30806	69941	25780	9163	8
792679	18
52	1833	736	14928	108520	27554	9362	10
819627	18
57	1869	855	39808	126998	28012	9837	9
802067	19
528	816	601	10734	22807	11596	9404	10
772547	19
36	990	579	12076	59082	16472	9230	9
798526	14
38	1532	651	34329	85325	26394	9164	10
795259	17
38	1150	598	27730	61107	16302	9247	9
799706	17
52	1033	551	27229	61245	16470	9143	10
774330	16
474	1955	633	39324	96782	26410	9166	11
785458	17
42	1808	637	36745	90635	26366	9083	9
769156	16
39	1823	1045	43125	86560	28479	11055	12
861610	20
44	1684	949	41736	70627	27248	10700	13
795731	19
42	1631	707	27019	128655	26010	10792	9
818860	18
667	859	600	11209	22877	12588	9436	11
799277	24
39	1014	610	12509	59439	16334	9813	14
