7703188	89
642	577	4594	108360	218804	60944	23689	302
7676954	15
771	1596	4563	126680	428702	74022	23401	310
8131680	14
526	1802	4993	130395	375537	63446	23576	345
8217025	15
799	1624	6604	186833	519010	95593	27884	288
8237104	16
732	1658	4885	131384	334657	68888	24250	6
8793883	18
37	1672	7161	139225	408325	77336	30682	7
7726042	15
34	1643	5048	139616	363978	68605	24061	6
8014947	16
33	1721	5514	171016	394533	75213	24562	6
7806547	15
30	1856	5564	185601	495065	82331	23499	19
7738482	17
32	1737	5459	155761	401655	72469	23776	6
8074880	17
34	1688	6150	151865	374480	67163	24990	11
7937326	59
36	1664	6020	160612	360820	74088	25148	7
8062813	18
98	1764	5724	166350	366918	74804	24040	6
8388337	45
41	1726	6841	174656	402840	76614	26724	9
8070461	19
45	1735	6293	176868	380936	79151	26179	8
7918842	26
31	1485	5410	154012	332049	72282	23389	6
7824790	15
34	1643	5820	171428	384944	75901	24686	7
7809329	48
33	1687	5669	155240	398842	74500	24824	6
7730902	16
40	1707	5455	155223	355321	69945	24075	9
7802693	16
36	1671	5965	161825	400735	77269	24828	6
7785232	13
645	595	5111	123721	219348	67839	24462	294
1479882	10
593	562	866	20401	42472	11347	4336	259
