759799	11
611	854	558	16016	22340	9291	2458	297
770646	13
511	634	471	11759	22339	6563	2275	294
761650	17
526	646	531	11629	22642	6524	2335	284
764883	17
675	564	510	11767	22556	6370	2318	273
782059	15
503	669	489	10924	22203	6347	2330	6
755247	20
29	696	517	11221	22396	6173	2296	8
768700	20
32	767	499	11552	22511	6302	2279	7
763724	17
34	934	606	15562	53633	9892	2664	6
787113	14
32	1705	652	34051	71897	11291	2393	6
769666	15
35	1718	584	13517	100206	10770	2282	7
765384	15
33	1664	640	14088	122352	11275	2446	6
778111	15
33	1683	603	14496	99358	10936	2269	7
766043	15
43	1751	624	14536	90618	11298	2257	7
772840	19
33	1691	603	13916	78751	10653	2343	7
767107	14
36	1699	645	14965	76659	10916	2599	7
806339	15
44	1570	590	13328	76402	10644	2292	6
767172	16
32	1736	594	13784	76483	10635	2267	7
757986	15
32	1675	623	36759	78754	10759	2285	6
761914	15
39	1705	669	40347	113843	11597	2442	7
769500	16
41	1638	788	38174	100321	11129	2346	6
290098	13
651	588	200	4194	8356	2473	884	263
293288	11
765	782	224	6081	8121	3605	888	279
291504	15
656	565	188	5016	8542	2395	842	358
285238	17
678	752	209	6236	8074	3534	857	288
288152	16
690	696	211	5958	8268	3502	822	5
287478	27
34	722	196	4549	8398	2510	855	8
287054	16
32	577	212	4596	8459	2424	849	8
292017	20
33	684	198	4494	8606	2436	835	6
290154	17
33	659	186	4277	8411	2331	819	6
291007	15
32	646	187	4279	8453	2372	825	7
291641	15
33	617	234	5701	8437	3062	843	7
288287	14
49	923	244	5966	8279	3447	847	7
284588	15
33	620	211	4929	8519	2561	856	8
290559	20
34	696	218	4622	8348	2508	822	9
289482	27
32	636	204	4602	8395	2396	828	7
284581	17
42	631	179	4228	8345	2517	823	6
285380	17
46	620	355	7122	9427	3067	1251	10
290858	19
47	661	190	4679	8431	2405	841	8
286002	15
40	1127	214	4942	27182	3048	864	7
288951	14
34	1393	236	5818	31256	4138	828	6
