27749	12
557	651	25	495	786	251	53	225
26964	11
420	656	23	589	809	262	53	219
27005	15
565	737	27	702	772	333	53	253
27406	23
651	699	25	631	792	267	54	226
27353	14
497	632	30	598	840	264	54	6
27404	15
30	723	23	783	840	296	54	6
27366	16
44	684	29	593	789	250	54	8
27384	22
32	766	33	621	785	282	54	6
27649	19
31	721	26	734	811	284	54	6
27367	19
30	728	28	772	827	294	54	6
27189	14
30	704	27	738	815	313	54	6
26618	12
32	971	27	809	841	401	58	8
27214	16
54	828	26	611	827	305	53	7
26837	16
38	744	40	796	801	310	53	6
27511	17
31	686	41	611	815	259	53	6
27704	12
34	692	28	565	801	235	54	7
27375	18
31	669	32	741	802	280	54	7
26936	12
35	690	45	711	831	299	53	6
27155	12
32	646	34	735	862	308	52	7
29497	12
34	660	28	690	885	322	54	6
