269655	8
555	350	3839	92311	59276	36168	811	3991	6
262622	10
42	287	3053	71793	54980	24588	725	2859	6
275162	14
39	593	3091	74516	57955	25334	736	2794	7
258959	12
35	328	3560	79149	53501	30003	791	3437	6
256098	14
37	501	3716	73818	57037	26343	874	3479	8
267673	11
35	441	3516	84994	56498	31628	786	3336	8
261798	11
36	446	3171	73345	57622	26164	772	3161	9
253464	20
33	284	3415	78975	53152	31806	735	3190	5
259489	12
36	325	3141	82232	51814	34039	702	2971	7
259333	13
100	455	3273	83140	50212	34407	914	3487	6
253306	11
78	401	3008	75483	55015	29214	689	2922	6
255868	14
54	511	3243	88147	47388	37594	696	3121	8
263313	15
37	310	3390	76533	55285	29326	769	3341	7
264720	14
54	353	3111	76638	52052	29906	750	2897	8
256326	19
36	388	3446	87479	90480	30399	798	5028	7
257744	20
36	382	3592	97707	104206	31050	777	6329	7
253874	22
76	697	3258	88293	113408	29922	714	3290	7
249929	20
36	674	3102	104339	111154	32245	737	4467	7
254070	18
35	1975	3567	100806	112163	34933	782	5398	7
280170	16
47	807	3634	105841	110634	35144	801	4999	6
