13050969	18
462	396	13099	312151	488780	140118	58820	12609	220
13167584	21
519	2375	12143	321984	686902	131966	56179	12108	235
12940421	30
503	1295	12476	278463	580632	136628	57623	12558	230
12789185	21
442	1362	11781	294461	716768	131620	57533	12067	228
12795089	22
576	1307	12373	283882	710695	133065	57831	12552	5
12946221	19
84	1151	12458	293290	638509	133350	57739	11909	6
12960892	20
35	1157	13156	329142	686894	137687	59003	13032	7
12840248	28
94	1483	12886	301498	714922	142169	57501	12873	7
13179879	27
46	654	13485	266876	486732	133586	57780	12875	5
13205866	25
37	1073	13507	280040	689598	131100	58436	13503	5
13286643	23
118	1252	14141	288137	683097	136476	61118	14223	5
13140927	22
40	2363	20828	342902	790165	152285	73829	18888	6
13707783	23
53	1226	14451	298010	573565	135373	60859	13892	6
13763162	19
68	1190	13135	279080	676933	141485	60282	13144	6
13425306	20
34	1191	13330	341062	683763	138306	59536	13238	5
13244132	28
36	2042	13215	288437	712095	132713	59656	12711	7
12952486	28
40	965	13501	327376	718225	136470	58108	13391	7
12891623	20
54	959	13671	299241	719025	139093	58243	13449	7
12757282	58
138	1007	13299	305642	713521	131895	57661	12763	6
12864382	28
39	985	13837	345294	655827	135586	57814	13659	7
