13530976	12
674	473	13117	282473	699634	118045	15497	12737	222
12961584	19
643	1323	12204	286601	885663	110995	15426	12316	219
13063327	21
591	1078	12468	296961	929534	110047	14915	11720	228
12858896	20
580	1205	12728	291047	907970	110696	15554	12782	219
13046974	20
458	1916	13546	301597	960677	114342	15992	13260	223
12923473	24
549	1270	12769	308949	878633	114919	15066	12611	334
12931597	16
473	1313	13125	299629	881844	116735	15048	12150	246
12731865	20
604	1430	13382	295437	858431	112833	15293	12912	281
12841606	20
429	1750	13135	311606	944715	119644	15594	12500	197
12910648	37
437	1270	12746	265094	866120	112255	15399	12641	251
13107645	26
542	1093	12925	311349	843673	118209	15528	12884	296
12888900	21
562	1351	13047	316397	901660	116383	14870	12288	251
12906799	22
653	1357	12289	302177	902860	118854	15038	12408	266
13460478	25
511	1089	13132	320959	890819	118187	15333	12931	245
12595453	42
902	1239	12432	269702	944690	113270	15144	11521	204
12361864	23
782	1375	10643	239053	921754	101435	14999	9838	205
12226265	20
489	1717	11435	254713	861870	105953	14468	10327	6
12214086	22
47	1109	11958	268981	962937	119101	15794	10713	7
12604329	21
53	1302	12681	259875	892751	110519	16141	12067	6
12377273	54
38	1180	11456	260382	856160	105172	14408	10409	9
