245012	10
249	431	364	6892	27596	3020	148	347	8
236980	11
91	421	430	9346	27782	3487	161	454	7
279103	37
66	572	493	11595	30666	5474	185	1590	10
300993	20
39	533	493	8473	27103	3048	219	522	7
246532	18
48	533	359	9868	27236	3349	149	412	8
232980	21
37	507	431	9360	27029	3326	163	495	7
243286	35
37	429	425	10344	26395	3678	155	461	7
231490	21
30	299	373	9723	26701	4117	167	428	9
232849	19
37	331	292	8365	26381	2864	205	312	7
246559	22
41	635	319	8643	27089	2807	175	326	7
236037	20
55	788	437	7804	26718	2622	163	394	7
246110	19
37	491	441	7406	26245	2327	154	427	10
240797	28
40	537	512	9798	26302	4192	189	507	10
255506	25
50	354	377	8523	27153	3329	197	436	10
247984	20
35	322	345	8000	27022	3011	191	375	8
244907	25
40	551	342	8962	26432	3339	142	381	9
256340	21
33	314	434	9997	26648	3481	147	453	11
247826	24
84	641	496	17030	74157	5048	168	621	10
254172	20
163	840	371	10774	78319	4285	139	425	9
249325	17
41	662	430	9201	66192	3539	142	376	9
