273038	10
252	442	354	6203	12761	2839	570	308	6
254417	11
52	625	280	7231	11251	2720	633	286	7
249709	22
54	510	338	9856	10762	4122	495	324	8
240574	24
35	794	443	8864	11450	4000	664	429	6
240133	21
35	692	420	8124	11859	2821	563	364	7
236992	32
36	509	317	8135	10835	3747	671	355	6
250937	21
49	513	390	9337	11097	3748	689	376	8
237927	24
33	498	547	9368	11497	4017	634	405	8
241371	20
94	526	446	8607	12154	3328	799	424	8
240018	21
48	357	354	6784	11380	3025	706	315	6
240713	17
36	355	403	7850	11634	3102	1007	366	6
248580	21
35	414	577	8156	11662	3041	604	534	8
246191	22
36	415	363	8601	10952	3482	535	365	7
232402	20
35	585	1412	7603	11464	5673	753	489	7
233945	18
233	508	493	9746	11995	3090	711	475	8
244651	23
528	404	415	10535	10752	4626	515	466	7
234418	18
37	1620	534	9503	14100	4245	695	520	7
236891	16
35	707	492	7887	11887	3212	571	438	8
239413	23
31	336	357	10609	34129	3859	495	333	8
253369	17
41	344	396	12604	40832	3508	595	362	8
