242649	10
271	402	305	8072	17961	2711	251	283	7
252598	13
62	514	371	8315	15819	2833	325	347	10
241856	16
40	324	314	8006	16015	2664	262	325	7
242127	22
37	421	382	7821	16140	3029	330	406	9
233905	31
36	440	407	8602	15216	3777	287	384	7
245400	20
37	368	375	7211	15866	3017	275	381	7
251003	21
83	583	406	8627	16339	3081	268	364	7
257253	20
136	515	472	7958	15843	3107	277	343	7
238323	21
96	432	494	9088	16775	3528	301	485	8
256309	54
35	482	388	8740	16030	3374	305	862	8
238054	23
35	374	443	7994	16256	2783	310	450	7
235134	22
48	332	404	9131	16182	3982	283	432	7
258690	24
55	572	387	9563	16507	3438	282	384	7
259805	32
38	374	420	7891	15852	2739	356	424	10
236322	22
43	338	358	8864	16011	3266	291	391	8
263336	23
39	458	404	7211	14996	3077	269	401	9
251457	16
189	798	438	10889	53578	3546	293	410	10
240085	22
54	869	369	15285	59152	3537	264	385	9
238064	24
115	680	380	12032	64474	3709	258	358	9
236891	19
56	661	451	9685	69475	3876	266	406	8
