781940	10
626	608	522	8955	20302	6749	4719	301
785492	16
557	728	594	14517	21198	9412	5143	279
782277	16
546	852	554	14827	20735	10096	4707	5
784353	17
32	651	573	11764	21741	8226	4817	7
783865	27
32	681	585	12207	21487	8280	4786	6
775656	16
47	690	566	11351	21561	7935	4562	7
780874	18
39	727	565	11606	21780	8252	4691	7
790256	16
36	1647	627	14540	65824	15777	4686	6
783798	15
44	1664	762	38700	92694	17359	4957	7
782892	30
30	2008	703	37026	79859	16330	4801	7
782792	17
606	1919	809	43067	122466	16999	5073	7
784225	15
35	1680	762	35047	120157	16719	4681	7
794617	18
33	1760	700	14269	82124	16026	4861	8
785241	17
36	1730	642	14320	73358	16044	4698	7
777512	16
35	1701	710	14677	72546	16244	5019	7
775210	18
37	1658	713	36204	97311	16773	4653	7
778562	16
39	1692	730	16470	95567	17478	4644	8
781840	15
38	1456	713	14271	91096	16348	4753	7
780376	18
37	1673	758	33380	91467	16683	4636	8
784285	18
38	1659	744	14390	81983	16182	4809	8
