795525	11
678	603	453	10886	22332	6023	2299	272
777694	13
532	611	536	12512	22342	6810	2378	320
779399	19
454	670	602	11617	22443	6524	2545	325
785454	25
444	629	502	12739	23051	7227	2360	312
796617	17
491	639	494	11895	22660	6812	2354	6
806099	29
57	741	576	11442	22562	6416	2461	8
788327	14
33	817	545	11662	22370	6386	2367	7
788440	19
36	927	604	13335	64258	8577	2323	6
808692	19
34	1678	748	15885	94255	11704	2686	6
802420	17
33	1647	641	15596	76744	11372	2336	7
786417	19
33	1641	638	14359	76393	10853	2314	7
788265	20
33	1652	670	13584	76401	10827	2344	7
782022	17
34	1709	701	13998	76598	10897	2436	7
766117	16
37	1686	733	38984	97803	11572	2393	8
779636	16
33	1728	741	34369	112130	11763	2322	7
787191	16
32	1687	725	15875	86601	11889	2697	8
779742	18
33	1453	717	14396	79187	11027	2523	8
789405	16
36	1453	625	14663	76647	11121	2348	7
771907	15
47	1647	782	38883	97540	11329	2532	9
780630	17
45	1742	772	38323	127579	11946	2592	7
