791889	11
522	629	590	12309	62248	27709	37266	362
780700	17
1104	590	729	12297	62010	28169	37904	305
793318	17
765	574	885	13008	62326	28642	39008	350
814763	16
526	736	886	14343	62513	30060	37603	8
787908	20
517	759	946	13743	62616	29493	38059	9
798760	19
426	701	849	13379	62619	29196	38339	8
794989	18
594	613	931	16046	74074	33662	38881	40
791618	27
502	1319	909	42273	114616	42727	37609	9
792921	16
516	674	896	13740	82560	28911	38287	9
786627	16
574	1290	949	42804	136112	45405	38188	8
789559	16
500	688	864	29331	89034	29748	37684	8
790026	29
481	1220	969	58103	145103	46798	37404	10
788742	19
534	1244	855	43991	99339	45992	37037	10
790661	18
663	712	905	19603	83078	28934	36976	11
790390	23
504	633	860	13067	66946	28422	37093	10
789642	18
523	1333	1000	15410	110686	46646	36854	17
782495	22
494	1156	963	49061	106913	45074	37172	17
795427	17
476	688	888	29031	73409	28589	37908	14
789845	17
433	1333	915	52538	135806	45359	36690	11
791167	16
503	654	884	13680	88605	28974	37153	10
